[
    [[0, 1], [10, 6], [14, 18], [24, 23]], 
    [[0, 2], [10, 15], [14, 9], [24, 22]], 
    [[1, 0], [2, 4], [3, 1], [5, 8], [6, 3], [9, 13], [15, 11], [18, 14], [19, 16], [21, 18], [22, 20], [23, 21]], 
    [[1, 3], [2, 0], [3, 6], [5, 2], [6, 10], [9, 5], [15, 10], [18, 21], [19, 15], [21, 23], [22, 19], [23, 24]], 
    [[1, 4], [2, 5], [3, 7], [5, 9], [6, 11], [9, 14], [15, 19], [18, 13], [19, 22], [21, 17], [22, 24], [23, 20]], 
    [[4, 1], [7, 3], [8, 4], [11, 6], [12, 7], [13, 8], [16, 11], [17, 12], [20, 16]], 
    [[4, 2], [7, 4], [8, 5], [11, 7], [12, 8], [13, 9], [16, 12], [17, 13], [20, 17]], 
    [[4, 7], [7, 11], [8, 12], [11, 15], [12, 16], [13, 17], [16, 19], [17, 20], [20, 22]], 
    [[4, 8], [7, 12], [8, 13], [11, 16], [12, 17], [13, 18], [16, 20], [17, 21], [20, 23]]
]